Saved file to /home/julian/Documents/Master/Katrin/DA1_longer/DA1-CAV32_dynophore
16017
16017
16017
16017
16017
16017
16017
16017
Saved file to /home/julian/Documents/Master/Katrin/DA1_longer/DA1-CAV32_dynophore
Saved /home/julian/Documents/Master/Katrin/DA1_longer/_mixed_0_ellbow_kMeans.png
K-Means Convergence
[0.00000000e+00 0.00000000e+00 3.42718536e+02 1.50634720e+02
 7.53236542e+01 3.94888000e+01 2.60217819e+01 1.73211651e+01
 1.27683058e+01 9.31508732e+00 6.58898592e+00 5.23611069e+00
 4.15193558e+00 3.31757426e+00 2.67308855e+00 2.21948576e+00
 1.91988492e+00 1.69763112e+00 1.54630995e+00 1.38487697e+00
 1.23830724e+00 1.04175317e+00 1.01318300e+00 8.63792062e-01
 8.09421062e-01 7.31745243e-01 6.81843042e-01 6.35243535e-01
 5.85362792e-01 5.43870032e-01 5.07358193e-01 4.77215111e-01
 4.33461308e-01 4.15070266e-01 3.94434988e-01 3.77313226e-01
 3.44413429e-01 3.34639013e-01 3.04013759e-01 2.97892481e-01]
Saved /home/julian/Documents/Master/Katrin/DA1_longer/_mixed_0_scores_kmeans.png
mixed distinct 1717
MSM
[[3.82165605e-01 0.00000000e+00 0.00000000e+00 2.30737411e-02
  4.29546102e-02 2.38657631e-03 1.03307535e-02 1.72194118e-01
  6.45187622e-02 1.04220520e-01 3.18128520e-03 5.33178488e-02
  7.95663637e-03 7.16135958e-03 0.00000000e+00 1.82876054e-02
  1.43195769e-02 8.67714063e-02 5.56925473e-03 1.59034037e-03]
 [0.00000000e+00 9.84313723e-01 0.00000000e+00 0.00000000e+00
  3.26584482e-04 0.00000000e+00 1.95758005e-03 6.54596738e-04
  7.84858962e-03 0.00000000e+00 0.00000000e+00 0.00000000e+00
  3.26669813e-04 2.61349964e-03 0.00000000e+00 6.52887827e-04
  0.00000000e+00 0.00000000e+00 0.00000000e+00 1.30586908e-03]
 [0.00000000e+00 0.00000000e+00 9.92993003e-01 0.00000000e+00
  7.50792539e-04 0.00000000e+00 1.00007304e-03 2.50810849e-04
  0.00000000e+00 0.00000000e+00 2.50221922e-03 7.51106580e-04
  0.00000000e+00 0.00000000e+00 0.00000000e+00 2.50156537e-04
  5.00576327e-04 5.00913207e-04 0.00000000e+00 5.00348847e-04]
 [1.07003618e-02 0.00000000e+00 0.00000000e+00 7.79498524e-01
  1.10593001e-03 1.84337807e-03 7.36561978e-04 3.69448829e-04
  7.38279789e-04 2.61776474e-02 0.00000000e+00 3.68797579e-04
  5.89983389e-02 1.14315453e-02 2.94949458e-03 1.10545420e-03
  8.84828825e-03 0.00000000e+00 9.47594383e-02 3.68511087e-04]
 [3.95673568e-02 7.32541348e-04 2.19607104e-03 2.19671874e-03
  2.73792093e-01 1.17140560e-02 8.04479531e-02 8.80396332e-03
  7.33050264e-04 1.74257756e-01 1.27357700e-01 9.15463307e-02
  7.32255572e-04 5.12606566e-03 8.05365827e-03 7.53702017e-02
  2.92853833e-02 2.49093290e-02 2.19661275e-03 4.09809039e-02]
 [5.70809913e-03 0.00000000e+00 0.00000000e+00 9.50714572e-03
  3.04155883e-02 2.66159695e-01 3.41839086e-02 3.81025459e-03
  0.00000000e+00 3.23214640e-02 7.60261293e-03 1.90176952e-02
  0.00000000e+00 1.90157331e-03 3.28907334e-01 0.00000000e+00
  1.84412178e-01 0.00000000e+00 7.41521584e-02 1.90029239e-03]
 [4.20147533e-03 1.93864678e-03 1.29151876e-03 6.45949648e-04
  3.55187406e-02 5.81266581e-03 5.86451612e-01 1.94161389e-03
  1.29332819e-03 2.64816182e-02 6.19858886e-02 1.03370425e-02
  1.29192748e-03 3.22999286e-04 1.61467841e-03 1.62024961e-01
  9.68785673e-03 5.17033091e-03 9.68877769e-04 8.10182677e-02]
 [1.09393604e-01 1.01264400e-03 5.05963416e-04 5.06112967e-04
  6.07189964e-03 1.01207205e-03 3.03295991e-03 6.56186612e-01
  5.72542215e-02 1.06274394e-02 1.41653682e-02 7.28933410e-02
  1.01224809e-03 1.01230284e-03 2.53025719e-03 5.05773514e-03
  2.53020118e-03 5.46892082e-02 0.00000000e+00 5.05809758e-04]
 [1.77553584e-01 5.25949905e-02 0.00000000e+00 4.38110791e-03
  2.19002925e-03 0.00000000e+00 8.75149693e-03 2.48014638e-01
  4.16666666e-01 6.57108548e-03 0.00000000e+00 6.57283973e-03
  4.38120372e-03 6.57216076e-03 0.00000000e+00 0.00000000e+00
  0.00000000e+00 6.35597492e-02 2.19044812e-03 0.00000000e+00]
 [7.54309702e-02 0.00000000e+00 0.00000000e+00 4.08551324e-02
  1.36918242e-01 9.78073067e-03 4.71271481e-02 1.21074163e-02
  1.72818470e-03 3.27963176e-01 2.53083412e-02 9.78396603e-02
  1.09333024e-02 9.78295656e-03 1.66852830e-02 6.49794343e-02
  6.09862389e-02 2.30291661e-02 2.58928485e-02 1.26517681e-02]
 [1.17084964e-03 0.00000000e+00 2.92430763e-03 0.00000000e+00
  5.08857842e-02 1.16989052e-03 5.60946623e-02 8.20640172e-03
  0.00000000e+00 1.28696207e-02 6.55555555e-01 5.70510226e-02
  0.00000000e+00 0.00000000e+00 0.00000000e+00 2.77705201e-02
  2.92475059e-03 7.31679670e-03 0.00000000e+00 1.16059839e-01]
 [3.20118346e-02 0.00000000e+00 1.43198574e-03 4.77469418e-04
  5.96693945e-02 4.77396958e-03 1.52603478e-02 6.88893655e-02
  1.43399478e-03 8.11626886e-02 9.30685303e-02 5.08118433e-01
  0.00000000e+00 0.00000000e+00 1.43223442e-03 1.81316901e-02
  1.86186360e-02 7.30915211e-02 4.77446371e-04 2.19504582e-02]
 [2.61949338e-02 2.61882296e-03 0.00000000e+00 4.18839017e-01
  2.61711750e-03 0.00000000e+00 1.04581801e-02 5.24567214e-03
  5.24128559e-03 4.97327757e-02 0.00000000e+00 0.00000000e+00
  2.25130890e-01 1.51840657e-01 0.00000000e+00 5.23198297e-03
  1.83215787e-02 0.00000000e+00 7.59109080e-02 2.61617859e-03]
 [1.86832621e-02 1.66030935e-02 0.00000000e+00 6.43104754e-02
  1.45182454e-02 2.07421667e-03 2.07199629e-03 4.15713441e-03
  6.23048690e-03 3.52639449e-02 0.00000000e+00 0.00000000e+00
  1.20325454e-01 6.92946057e-01 0.00000000e+00 4.14628531e-03
  6.22270170e-03 2.07563034e-03 8.29772535e-03 2.07329094e-03]
 [0.00000000e+00 0.00000000e+00 0.00000000e+00 7.78304542e-03
  1.06991272e-02 1.68282823e-01 4.85846002e-03 4.87386460e-03
  0.00000000e+00 2.82110682e-02 0.00000000e+00 2.91916451e-03
  0.00000000e+00 0.00000000e+00 6.77042801e-01 1.94445901e-03
  7.19828457e-02 0.00000000e+00 2.14023421e-02 0.00000000e+00]
 [1.77159751e-02 1.54012557e-03 7.69518836e-04 2.30923709e-03
  7.92648494e-02 0.00000000e+00 3.85940476e-01 7.71242021e-03
  0.00000000e+00 8.69736483e-02 7.30960163e-02 2.92555698e-02
  1.53952500e-03 1.53960806e-03 1.53930472e-03 2.13846154e-01
  2.07801549e-02 1.30926031e-02 6.15766858e-03 5.69271454e-02]
 [2.62603664e-02 0.00000000e+00 2.91501023e-03 3.49904405e-02
  5.83034495e-02 1.41398242e-01 4.36846124e-02 7.30385314e-03
  0.00000000e+00 1.54527575e-01 1.45734008e-02 5.68696443e-02
  1.02057681e-02 4.37413670e-03 1.07874103e-01 3.93378987e-02
  2.15743440e-01 1.45870712e-03 7.43510983e-02 5.82825361e-03]
 [1.56630910e-01 0.00000000e+00 2.87119374e-03 0.00000000e+00
  4.88130122e-02 0.00000000e+00 2.29482387e-02 1.55392071e-01
  4.16907389e-02 5.74357890e-02 3.58858552e-02 2.19750509e-01
  0.00000000e+00 1.43612956e-03 0.00000000e+00 2.43959998e-02
  1.43581453e-03 2.24137931e-01 0.00000000e+00 7.17580752e-03]
 [1.04241310e-02 0.00000000e+00 0.00000000e+00 3.82458932e-01
  4.46343300e-03 5.80297092e-02 4.45904600e-03 0.00000000e+00
  1.48981496e-03 6.69616507e-02 0.00000000e+00 1.48843348e-03
  4.31577873e-02 5.95311960e-03 3.27357028e-02 1.18973673e-02
  7.58856346e-02 0.00000000e+00 3.00595238e-01 0.00000000e+00]
 [1.83718578e-03 3.67343173e-03 1.83541837e-03 9.17979753e-04
  5.13945736e-02 9.17840550e-04 2.30131532e-01 9.19764362e-04
  0.00000000e+00 2.01937863e-02 3.64289313e-01 4.22346243e-02
  9.17999795e-04 9.18049324e-04 0.00000000e+00 6.78850558e-02
  3.67139268e-03 4.59232840e-03 0.00000000e+00 2.03669725e-01]]
Diag
[0.3821656  0.98431372 0.992993   0.77949852 0.27379209 0.2661597
 0.58645161 0.65618661 0.41666667 0.32796318 0.65555555 0.50811843
 0.22513089 0.69294606 0.6770428  0.21384615 0.21574344 0.22413793
 0.30059524 0.20366972]
Counts
[[2.400e+02 0.000e+00 0.000e+00 1.500e+01 2.900e+01 2.000e+00 4.000e+00
  1.130e+02 4.100e+01 6.000e+01 1.000e+00 3.600e+01 4.000e+00 4.000e+00
  0.000e+00 1.200e+01 7.000e+00 5.500e+01 5.000e+00 0.000e+00]
 [0.000e+00 1.506e+03 0.000e+00 0.000e+00 0.000e+00 0.000e+00 4.000e+00
  0.000e+00 1.300e+01 0.000e+00 0.000e+00 0.000e+00 1.000e+00 4.000e+00
  0.000e+00 1.000e+00 0.000e+00 0.000e+00 0.000e+00 1.000e+00]
 [0.000e+00 0.000e+00 1.984e+03 0.000e+00 3.000e+00 0.000e+00 2.000e+00
  0.000e+00 0.000e+00 0.000e+00 5.000e+00 1.000e+00 0.000e+00 0.000e+00
  0.000e+00 0.000e+00 1.000e+00 1.000e+00 0.000e+00 1.000e+00]
 [1.400e+01 0.000e+00 0.000e+00 1.057e+03 0.000e+00 4.000e+00 2.000e+00
  0.000e+00 1.000e+00 3.000e+01 0.000e+00 0.000e+00 8.300e+01 1.800e+01
  5.000e+00 1.000e+00 1.200e+01 0.000e+00 1.280e+02 1.000e+00]
 [2.500e+01 1.000e+00 0.000e+00 3.000e+00 1.870e+02 7.000e+00 5.800e+01
  4.000e+00 0.000e+00 1.170e+02 9.100e+01 6.400e+01 0.000e+00 5.000e+00
  7.000e+00 4.200e+01 2.100e+01 2.200e+01 2.000e+00 2.700e+01]
 [1.000e+00 0.000e+00 0.000e+00 1.000e+00 9.000e+00 7.000e+01 1.000e+01
  0.000e+00 0.000e+00 1.000e+01 2.000e+00 3.000e+00 0.000e+00 1.000e+00
  8.600e+01 0.000e+00 4.800e+01 0.000e+00 2.100e+01 1.000e+00]
 [9.000e+00 2.000e+00 2.000e+00 0.000e+00 5.200e+01 8.000e+00 9.090e+02
  4.000e+00 1.000e+00 4.100e+01 9.800e+01 1.600e+01 1.000e+00 0.000e+00
  4.000e+00 2.580e+02 1.600e+01 8.000e+00 1.000e+00 1.200e+02]
 [1.030e+02 2.000e+00 1.000e+00 1.000e+00 8.000e+00 2.000e+00 2.000e+00
  6.470e+02 5.400e+01 1.000e+01 1.400e+01 7.000e+01 1.000e+00 1.000e+00
  2.000e+00 6.000e+00 3.000e+00 5.800e+01 0.000e+00 1.000e+00]
 [4.000e+01 1.100e+01 0.000e+00 1.000e+00 1.000e+00 0.000e+00 3.000e+00
  5.900e+01 9.500e+01 1.000e+00 0.000e+00 2.000e+00 2.000e+00 1.000e+00
  0.000e+00 0.000e+00 0.000e+00 1.200e+01 0.000e+00 0.000e+00]
 [7.100e+01 0.000e+00 0.000e+00 4.100e+01 1.210e+02 7.000e+00 4.100e+01
  1.100e+01 2.000e+00 2.850e+02 2.200e+01 7.800e+01 6.000e+00 9.000e+00
  1.200e+01 5.800e+01 5.500e+01 1.800e+01 1.900e+01 1.300e+01]
 [3.000e+00 0.000e+00 5.000e+00 0.000e+00 8.300e+01 2.000e+00 9.400e+01
  1.400e+01 0.000e+00 2.200e+01 1.121e+03 1.040e+02 0.000e+00 0.000e+00
  0.000e+00 4.100e+01 4.000e+00 1.300e+01 0.000e+00 2.040e+02]
 [3.100e+01 0.000e+00 2.000e+00 1.000e+00 6.100e+01 7.000e+00 1.600e+01
  7.400e+01 1.000e+00 9.200e+01 9.100e+01 5.320e+02 0.000e+00 0.000e+00
  3.000e+00 1.800e+01 2.200e+01 7.100e+01 0.000e+00 2.500e+01]
 [6.000e+00 0.000e+00 0.000e+00 7.700e+01 1.000e+00 0.000e+00 3.000e+00
  1.000e+00 0.000e+00 1.300e+01 0.000e+00 0.000e+00 4.300e+01 2.700e+01
  0.000e+00 2.000e+00 3.000e+00 0.000e+00 1.500e+01 0.000e+00]
 [5.000e+00 4.000e+00 0.000e+00 1.300e+01 2.000e+00 0.000e+00 1.000e+00
  1.000e+00 2.000e+00 8.000e+00 0.000e+00 0.000e+00 3.100e+01 1.670e+02
  0.000e+00 2.000e+00 2.000e+00 1.000e+00 2.000e+00 0.000e+00]
 [0.000e+00 0.000e+00 0.000e+00 3.000e+00 4.000e+00 8.700e+01 1.000e+00
  3.000e+00 0.000e+00 1.700e+01 0.000e+00 0.000e+00 0.000e+00 0.000e+00
  3.480e+02 2.000e+00 3.700e+01 0.000e+00 1.200e+01 0.000e+00]
 [1.100e+01 1.000e+00 1.000e+00 2.000e+00 6.100e+01 0.000e+00 2.440e+02
  4.000e+00 0.000e+00 5.500e+01 5.400e+01 2.000e+01 0.000e+00 0.000e+00
  0.000e+00 1.390e+02 1.200e+01 8.000e+00 2.000e+00 3.600e+01]
 [1.100e+01 0.000e+00 1.000e+00 1.200e+01 1.900e+01 4.900e+01 1.400e+01
  2.000e+00 0.000e+00 5.100e+01 6.000e+00 1.700e+01 4.000e+00 1.000e+00
  3.700e+01 1.500e+01 7.400e+01 1.000e+00 2.800e+01 1.000e+00]
 [5.400e+01 0.000e+00 1.000e+00 0.000e+00 1.200e+01 0.000e+00 8.000e+00
  5.000e+01 1.700e+01 2.200e+01 1.200e+01 8.200e+01 0.000e+00 0.000e+00
  0.000e+00 9.000e+00 0.000e+00 7.800e+01 0.000e+00 3.000e+00]
 [2.000e+00 0.000e+00 0.000e+00 1.290e+02 1.000e+00 1.800e+01 2.000e+00
  0.000e+00 1.000e+00 2.600e+01 0.000e+00 1.000e+00 1.400e+01 2.000e+00
  1.000e+01 6.000e+00 2.300e+01 0.000e+00 1.010e+02 0.000e+00]
 [2.000e+00 3.000e+00 1.000e+00 0.000e+00 2.900e+01 0.000e+00 1.310e+02
  0.000e+00 0.000e+00 9.000e+00 1.930e+02 2.100e+01 1.000e+00 1.000e+00
  0.000e+00 3.800e+01 3.000e+00 2.000e+00 0.000e+00 1.110e+02]]
Diag
[ 240. 1506. 1984. 1057.  187.   70.  909.  647.   95.  285. 1121.  532.
   43.  167.  348.  139.   74.   78.  101.  111.]
Row sums
[ 628. 1530. 1998. 1356.  683.  263. 1550.  986.  228.  869. 1710. 1047.
  191.  241.  514.  650.  343.  348.  336.  545.]
Saved /home/julian/Documents/Master/Katrin/DA1_longer/_mixed_1_ellbow_kMeans.png
K-Means Convergence
[0.00000000e+00 0.00000000e+00 3.77183746e+02 1.73665070e+02
 7.77947998e+01 4.21114273e+01 2.94362869e+01 1.98911018e+01
 1.27818584e+01 9.41405296e+00 7.60979891e+00 5.89787102e+00
 4.57881737e+00 3.58419514e+00 3.03337002e+00 2.64256811e+00
 2.36286926e+00 2.15237379e+00 2.02182817e+00 1.69658780e+00
 1.51311278e+00 1.41327298e+00 1.26235688e+00 1.15506160e+00
 1.03640115e+00 9.37920809e-01 8.57656002e-01 7.52607167e-01
 7.16470957e-01 6.43217921e-01 6.06414378e-01 5.71153760e-01
 5.22870958e-01 5.05131245e-01 4.57461655e-01 4.47252691e-01
 4.16309774e-01 3.88619184e-01 3.71902734e-01 3.47862184e-01]
Saved /home/julian/Documents/Master/Katrin/DA1_longer/_mixed_1_scores_kmeans.png
mixed distinct 1698
MSM
[[3.92749244e-01 3.01664415e-03 2.26401226e-03 0.00000000e+00
  6.26528152e-02 4.52629110e-03 7.53972209e-04 1.50925395e-03
  1.85111832e-01 1.50925564e-03 6.03734142e-02 1.17761049e-01
  7.53514850e-03 1.43353632e-02 1.19491287e-01 4.52548300e-03
  3.01862676e-03 1.05655293e-02 7.54611494e-03 7.54662793e-04]
 [2.51630850e-03 2.86432160e-01 2.51425846e-03 3.76866638e-03
  1.88614903e-02 1.29434815e-01 3.13991830e-03 1.25705641e-03
  0.00000000e+00 1.25705781e-03 3.20566648e-02 8.80232367e-03
  2.00833054e-01 5.27869957e-02 6.29897938e-03 2.28041077e-01
  1.25710583e-03 1.06857386e-02 8.79921460e-03 1.25711598e-03]
 [1.00685706e-03 1.34047636e-03 7.98792754e-01 0.00000000e+00
  6.70852816e-04 0.00000000e+00 0.00000000e+00 1.30777127e-02
  0.00000000e+00 1.97842542e-02 2.34740827e-02 1.64364450e-02
  3.34832185e-04 3.01739753e-03 6.72114455e-04 1.67578666e-03
  1.50902622e-02 2.34744864e-03 8.04765823e-03 9.42310653e-02]
 [0.00000000e+00 1.49260776e-03 0.00000000e+00 9.82089562e-01
  2.48995924e-03 1.24420342e-03 4.72540959e-03 0.00000000e+00
  0.00000000e+00 0.00000000e+00 2.48934823e-04 9.96017061e-04
  4.97110269e-03 2.48877226e-04 0.00000000e+00 4.97592652e-04
  0.00000000e+00 7.46817304e-04 2.48916319e-04 0.00000000e+00]
 [4.57310970e-02 1.65046847e-02 1.10105556e-03 5.50130172e-03
  4.61453743e-01 9.74061347e-02 1.10003697e-03 9.35842965e-03
  8.26762516e-03 1.65148943e-03 4.01883641e-02 2.69832836e-02
  2.14377164e-02 3.41246782e-02 8.33061930e-02 1.21048169e-02
  7.15672782e-03 1.21117701e-01 4.40387658e-03 1.10104395e-03]
 [1.73117883e-03 5.93486381e-02 0.00000000e+00 1.44043293e-03
  5.10404780e-02 6.74351583e-01 0.00000000e+00 1.72966780e-03
  2.02043376e-03 2.88278289e-04 1.18200334e-02 3.46048735e-03
  4.97986775e-02 5.47630864e-02 9.24500438e-03 5.50334121e-02
  5.76578609e-04 2.13340855e-02 1.44136030e-03 5.76583266e-04]
 [3.25663459e-04 1.62589405e-03 0.00000000e+00 6.17810591e-03
  6.50953469e-04 0.00000000e+00 9.78543571e-01 0.00000000e+00
  3.25780317e-04 3.25379727e-04 0.00000000e+00 3.25487636e-04
  1.00719208e-02 3.25321609e-04 3.26088275e-04 6.50431763e-04
  0.00000000e+00 3.25402474e-04 0.00000000e+00 0.00000000e+00]
 [1.26692896e-03 1.26504189e-03 2.46849749e-02 0.00000000e+00
  1.07627162e-02 3.79623588e-03 0.00000000e+00 7.99999998e-01
  0.00000000e+00 2.53164839e-03 3.48120023e-02 1.26624436e-03
  6.31979454e-04 1.51871748e-02 0.00000000e+00 1.20192692e-02
  7.40535459e-02 9.49434572e-03 5.06318732e-03 3.16470701e-03]
 [2.07201297e-01 0.00000000e+00 0.00000000e+00 0.00000000e+00
  1.26785048e-02 5.91293977e-03 8.44246828e-04 0.00000000e+00
  5.82064296e-01 8.44981201e-04 4.22512923e-03 2.02862885e-02
  1.68746905e-03 3.37931983e-03 1.51581695e-01 2.53366445e-03
  0.00000000e+00 5.07024238e-03 1.68992583e-03 0.00000000e+00]
 [3.42764644e-03 3.42254101e-03 1.01033140e-01 0.00000000e+00
  5.13851915e-03 1.71177112e-03 1.71084241e-03 6.84930740e-03
  1.71443872e-03 6.40410957e-01 2.22614486e-02 1.19902799e-02
  1.02588331e-02 1.02721359e-02 0.00000000e+00 5.13439731e-03
  8.56197107e-03 1.19871400e-02 3.08212515e-02 1.23293379e-01]
 [5.64637512e-02 3.59420236e-02 4.93655043e-02 7.04712284e-04
  5.14936040e-02 2.89030212e-02 0.00000000e+00 3.87849338e-02
  3.53025192e-03 9.16735821e-03 3.11706628e-01 1.00168999e-01
  1.61952708e-02 1.26909959e-01 1.34276501e-02 4.58136887e-02
  2.67979176e-02 4.44295369e-02 2.96169786e-02 1.05782108e-02]
 [1.80235993e-01 1.61509245e-02 5.65664212e-02 4.61433192e-03
  5.65800887e-02 1.38477007e-02 1.15334877e-03 2.30869966e-03
  2.77385761e-02 8.08045783e-03 1.63926512e-01 2.70207852e-01
  3.34268364e-02 5.19365110e-02 4.74315825e-02 1.03839223e-02
  5.77197629e-03 1.84709106e-02 2.30865231e-02 8.08083211e-03]
 [4.90384704e-03 1.56689715e-01 4.89985528e-04 9.79264547e-03
  1.91140444e-02 8.47351215e-02 1.51755244e-02 4.89957171e-04
  9.81121122e-04 2.93974630e-03 1.12696213e-02 1.42134831e-02
  5.51859099e-01 3.47807883e-02 9.82048007e-04 7.83537838e-02
  0.00000000e+00 9.79983898e-03 3.42962999e-03 0.00000000e+00]
 [1.51432954e-02 6.68496039e-02 7.16729340e-03 7.95791050e-04
  4.93866116e-02 1.51251663e-01 7.95629566e-04 1.91116748e-02
  3.18920696e-03 4.77792404e-03 1.43345284e-01 3.58463227e-02
  5.64554686e-02 2.81847133e-01 1.27688951e-02 7.08368275e-02
  5.57445775e-03 4.61898302e-02 2.62780143e-02 2.38907262e-03]
 [1.61343082e-01 1.01963444e-02 2.04064896e-03 0.00000000e+00
  1.54106291e-01 3.26378677e-02 1.01937880e-03 0.00000000e+00
  1.82853206e-01 0.00000000e+00 1.93860860e-02 4.18448358e-02
  2.03751929e-03 1.63213371e-02 3.47648261e-01 7.13825725e-03
  0.00000000e+00 1.83660822e-02 2.04048851e-03 1.02031370e-03]
 [3.81234802e-03 2.30303683e-01 3.17436812e-03 1.26883094e-03
  1.39705916e-02 1.21214504e-01 1.26857354e-03 1.20619001e-02
  1.90685825e-03 1.90451266e-03 4.12666175e-02 5.71543352e-03
  1.01424407e-01 5.64904468e-02 4.45354339e-03 3.68020304e-01
  1.90458542e-03 1.84115766e-02 1.01571814e-02 1.26973387e-03]
 [1.01607567e-02 5.07281092e-03 1.14215324e-01 0.00000000e+00
  3.30035081e-02 5.07429496e-03 0.00000000e+00 2.96942632e-01
  0.00000000e+00 1.26898702e-02 9.64481032e-02 1.26940825e-02
  0.00000000e+00 1.77626422e-02 0.00000000e+00 7.61008466e-03
  2.69035532e-01 5.33011843e-02 1.77654343e-02 4.82237397e-02]
 [1.41814161e-02 1.71946398e-02 7.08492724e-03 3.03420492e-03
  2.22722929e-01 7.48691527e-02 1.01119635e-03 1.51811070e-02
  6.07993267e-03 7.08452449e-03 6.37640853e-02 1.61985742e-02
  2.02116691e-02 5.86898512e-02 1.82570562e-02 2.93353797e-02
  2.12543859e-02 3.88663967e-01 1.21446366e-02 3.03636538e-03]
 [3.70701621e-02 5.18209270e-02 8.88958631e-02 3.70132002e-03
  2.96391114e-02 1.85128879e-02 0.00000000e+00 2.96302370e-02
  7.41669505e-03 6.66681076e-02 1.55567127e-01 7.41002624e-02
  2.58882825e-02 1.22203014e-01 7.42371196e-03 5.92306742e-02
  2.59274773e-02 4.44485148e-02 9.62962960e-02 5.55593287e-02]
 [1.62471827e-03 3.24459634e-03 4.56173639e-01 0.00000000e+00
  3.24757172e-03 3.24554555e-03 0.00000000e+00 8.11649819e-03
  0.00000000e+00 1.16877704e-01 2.43508068e-02 1.13668821e-02
  0.00000000e+00 4.86903372e-03 1.62683960e-03 3.24496658e-03
  3.08439066e-02 4.87024511e-03 2.43489954e-02 3.01948051e-01]]
Diag
[0.39274924 0.28643216 0.79879275 0.98208956 0.46145374 0.67435158
 0.97854357 0.8        0.5820643  0.64041096 0.31170663 0.27020785
 0.5518591  0.28184713 0.34764826 0.3680203  0.26903553 0.38866397
 0.0962963  0.30194805]
Counts
[[2.600e+02 2.000e+00 2.000e+00 0.000e+00 4.300e+01 2.000e+00 0.000e+00
  2.000e+00 1.200e+02 0.000e+00 3.900e+01 7.600e+01 6.000e+00 1.000e+01
  8.400e+01 3.000e+00 2.000e+00 7.000e+00 4.000e+00 0.000e+00]
 [2.000e+00 2.280e+02 2.000e+00 4.000e+00 1.800e+01 1.040e+02 2.000e+00
  1.000e+00 0.000e+00 0.000e+00 2.400e+01 1.000e+01 1.550e+02 4.300e+01
  5.000e+00 1.800e+02 1.000e+00 9.000e+00 8.000e+00 0.000e+00]
 [1.000e+00 2.000e+00 1.191e+03 0.000e+00 1.000e+00 0.000e+00 0.000e+00
  2.200e+01 0.000e+00 3.200e+01 3.200e+01 2.300e+01 1.000e+00 4.000e+00
  1.000e+00 4.000e+00 2.100e+01 3.000e+00 1.200e+01 1.410e+02]
 [0.000e+00 2.000e+00 0.000e+00 1.974e+03 4.000e+00 1.000e+00 1.000e+01
  0.000e+00 0.000e+00 0.000e+00 1.000e+00 2.000e+00 1.100e+01 1.000e+00
  0.000e+00 1.000e+00 0.000e+00 2.000e+00 1.000e+00 0.000e+00]
 [4.000e+01 1.200e+01 1.000e+00 6.000e+00 4.190e+02 8.600e+01 1.000e+00
  9.000e+00 5.000e+00 1.000e+00 4.300e+01 2.200e+01 1.800e+01 3.300e+01
  7.800e+01 1.300e+01 7.000e+00 1.090e+02 4.000e+00 1.000e+00]
 [4.000e+00 1.020e+02 0.000e+00 4.000e+00 9.100e+01 1.170e+03 0.000e+00
  3.000e+00 5.000e+00 1.000e+00 2.000e+01 6.000e+00 8.600e+01 9.300e+01
  1.600e+01 9.500e+01 1.000e+00 3.400e+01 3.000e+00 1.000e+00]
 [1.000e+00 3.000e+00 0.000e+00 9.000e+00 1.000e+00 0.000e+00 1.505e+03
  0.000e+00 0.000e+00 1.000e+00 0.000e+00 0.000e+00 1.400e+01 1.000e+00
  1.000e+00 2.000e+00 0.000e+00 0.000e+00 0.000e+00 0.000e+00]
 [0.000e+00 1.000e+00 1.700e+01 0.000e+00 8.000e+00 3.000e+00 0.000e+00
  6.320e+02 0.000e+00 2.000e+00 2.800e+01 0.000e+00 1.000e+00 1.200e+01
  0.000e+00 1.100e+01 6.200e+01 7.000e+00 3.000e+00 3.000e+00]
 [1.250e+02 0.000e+00 0.000e+00 0.000e+00 1.000e+01 2.000e+00 1.000e+00
  0.000e+00 3.440e+02 1.000e+00 2.000e+00 1.000e+01 1.000e+00 3.000e+00
  8.600e+01 1.000e+00 0.000e+00 4.000e+00 1.000e+00 0.000e+00]
 [2.000e+00 2.000e+00 2.700e+01 0.000e+00 2.000e+00 0.000e+00 0.000e+00
  2.000e+00 0.000e+00 1.870e+02 7.000e+00 4.000e+00 3.000e+00 2.000e+00
  0.000e+00 2.000e+00 2.000e+00 2.000e+00 9.000e+00 3.900e+01]
 [4.100e+01 2.700e+01 3.800e+01 0.000e+00 3.000e+01 2.100e+01 0.000e+00
  2.700e+01 3.000e+00 6.000e+00 2.210e+02 7.600e+01 1.200e+01 8.800e+01
  9.000e+00 3.500e+01 1.500e+01 3.100e+01 2.100e+01 8.000e+00]
 [8.000e+01 4.000e+00 2.600e+01 2.000e+00 2.700e+01 6.000e+00 1.000e+00
  2.000e+00 1.400e+01 3.000e+00 6.600e+01 1.170e+02 1.400e+01 2.300e+01
  1.800e+01 4.000e+00 2.000e+00 1.100e+01 1.000e+01 3.000e+00]
 [4.000e+00 1.650e+02 0.000e+00 9.000e+00 2.100e+01 8.700e+01 1.700e+01
  0.000e+00 1.000e+00 3.000e+00 1.100e+01 1.500e+01 5.640e+02 3.400e+01
  2.000e+00 7.500e+01 0.000e+00 1.100e+01 3.000e+00 0.000e+00]
 [9.000e+00 4.100e+01 5.000e+00 0.000e+00 2.900e+01 9.700e+01 0.000e+00
  1.200e+01 1.000e+00 4.000e+00 9.200e+01 2.200e+01 3.700e+01 1.770e+02
  9.000e+00 4.500e+01 2.000e+00 2.400e+01 2.000e+01 2.000e+00]
 [7.400e+01 5.000e+00 1.000e+00 0.000e+00 7.300e+01 1.600e+01 0.000e+00
  0.000e+00 9.300e+01 0.000e+00 1.000e+01 2.300e+01 0.000e+00 7.000e+00
  1.700e+02 6.000e+00 0.000e+00 1.000e+01 0.000e+00 1.000e+00]
 [3.000e+00 1.830e+02 1.000e+00 1.000e+00 9.000e+00 9.600e+01 0.000e+00
  8.000e+00 2.000e+00 1.000e+00 3.000e+01 5.000e+00 8.500e+01 4.400e+01
  1.000e+00 2.900e+02 3.000e+00 1.800e+01 7.000e+00 1.000e+00]
 [2.000e+00 1.000e+00 2.400e+01 0.000e+00 6.000e+00 1.000e+00 0.000e+00
  5.500e+01 0.000e+00 3.000e+00 2.300e+01 3.000e+00 0.000e+00 5.000e+00
  0.000e+00 0.000e+00 5.300e+01 1.100e+01 4.000e+00 6.000e+00]
 [7.000e+00 8.000e+00 4.000e+00 1.000e+00 1.110e+02 4.000e+01 1.000e+00
  8.000e+00 2.000e+00 5.000e+00 3.200e+01 5.000e+00 9.000e+00 3.400e+01
  8.000e+00 1.100e+01 1.000e+01 1.920e+02 5.000e+00 1.000e+00]
 [6.000e+00 6.000e+00 1.200e+01 0.000e+00 4.000e+00 2.000e+00 0.000e+00
  5.000e+00 1.000e+00 9.000e+00 2.100e+01 1.000e+01 4.000e+00 1.300e+01
  2.000e+00 9.000e+00 3.000e+00 7.000e+00 1.300e+01 8.000e+00]
 [1.000e+00 2.000e+00 1.400e+02 0.000e+00 1.000e+00 1.000e+00 0.000e+00
  2.000e+00 0.000e+00 3.300e+01 7.000e+00 4.000e+00 0.000e+00 1.000e+00
  0.000e+00 1.000e+00 1.300e+01 2.000e+00 7.000e+00 9.300e+01]]
Diag
[ 260.  228. 1191. 1974.  419. 1170. 1505.  632.  344.  187.  221.  117.
  564.  177.  170.  290.   53.  192.   13.   93.]
Row sums
[ 662.  796. 1491. 2010.  908. 1735. 1538.  790.  591.  292.  709.  433.
 1022.  628.  489.  788.  197.  494.  135.  308.]
Saved /home/julian/Documents/Master/Katrin/DA1_longer/_mixed_2_ellbow_kMeans.png
K-Means Convergence
[0.00000000e+00 0.00000000e+00 3.72329987e+02 1.81835999e+02
 9.73931885e+01 5.72638321e+01 2.97440948e+01 1.89462738e+01
 1.17238064e+01 8.15031528e+00 5.45756054e+00 4.55834770e+00
 4.02733803e+00 3.16142821e+00 2.84760571e+00 2.33013010e+00
 1.99862897e+00 1.78496468e+00 1.60853362e+00 1.40784001e+00
 1.23373818e+00 1.12685883e+00 1.04974055e+00 9.37806547e-01
 8.68040323e-01 7.81326711e-01 7.26256132e-01 6.92379951e-01
 6.31739020e-01 5.95633507e-01 5.53483129e-01 5.36054730e-01
 4.76943821e-01 4.36621368e-01 4.15301055e-01 3.85452628e-01
 3.70702326e-01 3.38116974e-01 3.14922541e-01 3.15952718e-01]
Saved /home/julian/Documents/Master/Katrin/DA1_longer/_mixed_2_scores_kmeans.png
mixed distinct 1717
MSM
[[9.83663364e-01 2.47401269e-04 9.90381091e-04 0.00000000e+00
  3.71307224e-03 0.00000000e+00 4.94028754e-04 7.43497693e-04
  3.21774724e-03 4.94785896e-04 1.23711282e-03 0.00000000e+00
  2.47721865e-04 4.95034679e-04 4.94791133e-04 3.46600227e-03
  0.00000000e+00 0.00000000e+00 4.95058795e-04 0.00000000e+00]
 [1.83241552e-03 1.28205128e-01 5.49881196e-03 0.00000000e+00
  5.68079541e-02 3.66479195e-03 8.41173992e-02 1.83469310e-03
  0.00000000e+00 7.32576106e-02 3.82816815e-01 7.32830215e-02
  1.83387401e-03 5.49708201e-03 6.04381681e-02 1.64948588e-02
  7.34650074e-03 6.77516766e-02 2.93191983e-02 0.00000000e+00]
 [5.28949786e-03 3.96514374e-03 2.51322751e-01 0.00000000e+00
  7.14120873e-02 4.76049727e-02 1.58357648e-02 3.44245041e-02
  6.61171912e-03 1.32167012e-02 1.32182838e-02 1.71876760e-02
  1.53517627e-01 3.83477107e-02 5.28673643e-03 6.61312384e-02
  4.24132731e-02 1.58573212e-02 1.94392696e-01 3.96429565e-03]
 [0.00000000e+00 0.00000000e+00 0.00000000e+00 9.72936410e-01
  0.00000000e+00 0.00000000e+00 1.35142026e-03 0.00000000e+00
  0.00000000e+00 1.01511739e-03 0.00000000e+00 0.00000000e+00
  0.00000000e+00 3.38542469e-04 3.38376040e-04 0.00000000e+00
  0.00000000e+00 1.69157244e-03 0.00000000e+00 2.23285612e-02]
 [5.86363881e-03 1.21121411e-02 2.11151141e-02 0.00000000e+00
  4.87099296e-01 7.03629151e-03 1.17030957e-02 3.52255860e-03
  1.60269081e-02 1.99257555e-02 9.37794872e-02 4.45553823e-02
  1.60400432e-02 1.56359019e-02 1.64096194e-02 7.11589478e-02
  4.23152425e-02 1.48440956e-02 1.00856481e-01 0.00000000e+00]
 [0.00000000e+00 4.86380435e-04 8.76171304e-03 0.00000000e+00
  4.37984581e-03 8.97810218e-01 9.71239663e-04 4.87228335e-04
  8.51570866e-03 1.70227427e-03 0.00000000e+00 3.64899649e-03
  9.74021415e-04 3.99019071e-02 4.86369225e-04 1.21678820e-03
  0.00000000e+00 7.29421027e-04 2.99278882e-02 0.00000000e+00]
 [1.69267215e-03 3.89120777e-02 1.01589204e-02 3.38277176e-03
  2.53914537e-02 3.38530826e-03 4.78040540e-01 0.00000000e+00
  8.46316511e-04 7.02085663e-02 1.30282059e-01 9.30797225e-03
  3.38803461e-03 6.77048626e-03 4.14488685e-02 1.18509426e-02
  0.00000000e+00 1.42930330e-01 1.86197424e-02 3.38293690e-03]
 [1.99485307e-03 6.64618885e-04 1.72936584e-02 0.00000000e+00
  5.98488354e-03 1.32988784e-03 0.00000000e+00 6.28495339e-01
  0.00000000e+00 1.99378952e-03 2.65870466e-03 3.98896462e-03
  1.57053565e-01 3.32465543e-03 1.32920710e-03 1.13063091e-02
  1.45959406e-01 1.99344723e-03 1.39642339e-02 6.64476596e-04]
 [1.14037729e-02 0.00000000e+00 4.38731609e-03 0.00000000e+00
  3.59676920e-02 3.07021380e-02 8.75404605e-04 0.00000000e+00
  6.85964912e-01 5.26047725e-03 2.63055349e-03 9.64755517e-03
  8.77911842e-04 1.49121795e-01 0.00000000e+00 7.01903434e-03
  0.00000000e+00 1.75319176e-03 5.43882455e-02 0.00000000e+00]
 [1.26489568e-03 2.52853000e-02 6.32627933e-03 1.89589952e-03
  3.22565849e-02 4.42708769e-03 5.23849920e-02 1.89970173e-03
  3.79459920e-03 4.81668773e-01 5.81611932e-02 1.70729236e-02
  6.32951215e-03 1.45458650e-02 8.40716856e-02 6.95824202e-03
  4.43730515e-03 1.48520687e-01 4.74344780e-02 1.26399481e-03]
 [1.37646235e-03 5.75074349e-02 2.75370870e-03 0.00000000e+00
  6.60737675e-02 0.00000000e+00 4.23076615e-02 1.10253869e-03
  8.25858287e-04 2.53134266e-02 6.45569620e-01 6.52322093e-02
  1.37755803e-03 2.75284229e-03 3.32930111e-02 1.59699834e-02
  7.72589897e-03 2.06324087e-02 9.63541723e-03 5.50192760e-04]
 [0.00000000e+00 5.40371219e-02 1.75758337e-02 0.00000000e+00
  1.54090989e-01 2.02738167e-02 1.48369741e-02 8.11969612e-03
  1.48672798e-02 3.64738308e-02 3.20197501e-01 1.29729730e-01
  1.75848183e-02 3.91952902e-02 2.43161445e-02 4.05557374e-02
  1.21923743e-02 1.75584635e-02 7.83943986e-02 0.00000000e+00]
 [9.48011065e-04 9.47537752e-04 1.10000639e-01 0.00000000e+00
  3.88705592e-02 3.79200377e-03 3.78421918e-03 2.24009056e-01
  9.47989087e-04 9.47505860e-03 4.73809689e-03 1.23218543e-02
  3.28273244e-01 1.04278092e-02 9.47515895e-04 6.35287702e-02
  1.01670522e-01 7.57874613e-03 7.77383675e-02 0.00000000e+00]
 [2.00809226e-03 3.01063576e-03 2.91256332e-02 1.00328160e-03
  4.01640190e-02 1.64661809e-01 8.01580748e-03 5.02647343e-03
  1.70683888e-01 2.30807646e-02 1.00363164e-02 2.91119330e-02
  1.10533023e-02 3.53413654e-01 5.01761062e-03 7.02965284e-03
  2.01270769e-03 6.02003666e-03 1.29524382e-01 0.00000000e+00]
 [3.16620857e-03 5.22163927e-02 6.33422033e-03 1.58189942e-03
  6.64939770e-02 3.16617481e-03 7.74122463e-02 3.17014389e-03
  0.00000000e+00 2.10440812e-01 1.91476579e-01 2.84905903e-02
  1.58436431e-03 7.91528451e-03 1.29746835e-01 1.42506333e-02
  4.76022336e-03 1.36051190e-01 6.17422254e-02 0.00000000e+00]
 [1.68237389e-02 1.08098643e-02 6.01019035e-02 0.00000000e+00
  2.18720446e-01 6.00841407e-03 1.67890433e-02 2.04542351e-02
  9.61334235e-03 1.32116119e-02 6.96695674e-02 3.60441758e-02
  8.05777357e-02 8.41161750e-03 1.08096151e-02 2.71634615e-01
  5.66095371e-02 2.88203916e-02 6.12876280e-02 3.60251747e-03]
 [0.00000000e+00 4.37369582e-03 3.50170674e-02 0.00000000e+00
  1.18155274e-01 0.00000000e+00 0.00000000e+00 2.39878258e-01
  0.00000000e+00 7.65370969e-03 3.06185122e-02 9.84390681e-03
  1.17148322e-01 2.18787625e-03 3.28019609e-03 5.14263871e-02
  3.53070175e-01 4.37279676e-03 2.29738224e-02 0.00000000e+00]
 [0.00000000e+00 3.84694226e-02 1.24863463e-02 5.19720574e-03
  3.95309808e-02 3.12066484e-03 1.75437098e-01 3.12457615e-03
  2.08041725e-03 2.44324608e-01 7.79852668e-02 1.35205167e-02
  8.32848396e-03 6.24120944e-03 8.94133552e-02 2.49703058e-02
  4.17048789e-03 1.95426195e-01 5.51333673e-02 1.03949196e-03]
 [1.12864699e-03 9.02467140e-03 8.29791883e-02 0.00000000e+00
  1.45603342e-01 6.94110491e-02 1.23895175e-02 1.18655308e-02
  3.49872461e-02 4.23017245e-02 1.97431680e-02 3.27246868e-02
  4.63113772e-02 7.27955505e-02 2.19971295e-02 2.87859444e-02
  1.18780327e-02 2.98880929e-02 3.26185101e-01 0.00000000e+00]
 [0.00000000e+00 0.00000000e+00 2.42176816e-02 5.32232051e-01
  0.00000000e+00 0.00000000e+00 3.22145382e-02 8.08029161e-03
  0.00000000e+00 1.61319373e-02 1.61338671e-02 0.00000000e+00
  0.00000000e+00 0.00000000e+00 0.00000000e+00 2.42153669e-02
  0.00000000e+00 8.06458661e-03 0.00000000e+00 3.38709680e-01]]
Diag
[0.98366336 0.12820513 0.25132275 0.97293641 0.4870993  0.89781022
 0.47804054 0.62849534 0.68596491 0.48166877 0.64556962 0.12972973
 0.32827324 0.35341365 0.12974684 0.27163462 0.35307018 0.1954262
 0.3261851  0.33870968]
Counts
[[1.987e+03 1.000e+00 2.000e+00 0.000e+00 9.000e+00 0.000e+00 1.000e+00
  1.000e+00 7.000e+00 1.000e+00 1.000e+00 0.000e+00 0.000e+00 1.000e+00
  1.000e+00 6.000e+00 0.000e+00 0.000e+00 2.000e+00 0.000e+00]
 [0.000e+00 3.500e+01 3.000e+00 0.000e+00 1.300e+01 0.000e+00 2.600e+01
  0.000e+00 0.000e+00 2.300e+01 1.010e+02 1.700e+01 1.000e+00 3.000e+00
  1.700e+01 4.000e+00 2.000e+00 2.100e+01 7.000e+00 0.000e+00]
 [2.000e+00 0.000e+00 9.500e+01 0.000e+00 2.700e+01 1.800e+01 6.000e+00
  1.500e+01 5.000e+00 3.000e+00 6.000e+00 8.000e+00 6.000e+01 1.400e+01
  0.000e+00 2.600e+01 1.800e+01 7.000e+00 6.600e+01 2.000e+00]
 [0.000e+00 0.000e+00 0.000e+00 1.438e+03 0.000e+00 0.000e+00 2.000e+00
  0.000e+00 0.000e+00 2.000e+00 0.000e+00 0.000e+00 0.000e+00 1.000e+00
  0.000e+00 0.000e+00 0.000e+00 2.000e+00 0.000e+00 3.300e+01]
 [6.000e+00 1.800e+01 2.700e+01 0.000e+00 6.230e+02 1.000e+01 1.300e+01
  2.000e+00 2.300e+01 2.600e+01 1.130e+02 5.500e+01 2.000e+01 1.700e+01
  1.800e+01 1.000e+02 5.100e+01 1.600e+01 1.410e+02 0.000e+00]
 [0.000e+00 2.000e+00 1.800e+01 0.000e+00 8.000e+00 1.845e+03 2.000e+00
  1.000e+00 1.600e+01 5.000e+00 0.000e+00 8.000e+00 1.000e+00 8.600e+01
  1.000e+00 2.000e+00 0.000e+00 2.000e+00 5.800e+01 0.000e+00]
 [1.000e+00 2.000e+01 6.000e+00 2.000e+00 1.700e+01 2.000e+00 2.830e+02
  0.000e+00 1.000e+00 3.900e+01 7.800e+01 3.000e+00 1.000e+00 5.000e+00
  2.500e+01 6.000e+00 0.000e+00 9.200e+01 1.000e+01 1.000e+00]
 [2.000e+00 1.000e+00 1.100e+01 0.000e+00 7.000e+00 1.000e+00 0.000e+00
  4.720e+02 0.000e+00 2.000e+00 1.000e+00 2.000e+00 1.170e+02 2.000e+00
  1.000e+00 1.000e+01 1.090e+02 1.000e+00 1.100e+01 1.000e+00]
 [6.000e+00 0.000e+00 0.000e+00 0.000e+00 1.800e+01 1.900e+01 0.000e+00
  0.000e+00 3.910e+02 2.000e+00 2.000e+00 6.000e+00 1.000e+00 9.000e+01
  0.000e+00 4.000e+00 0.000e+00 2.000e+00 2.900e+01 0.000e+00]
 [1.000e+00 1.700e+01 7.000e+00 1.000e+00 2.500e+01 2.000e+00 4.400e+01
  1.000e+00 4.000e+00 3.810e+02 5.000e+01 1.200e+01 6.000e+00 1.100e+01
  6.800e+01 4.000e+00 3.000e+00 1.190e+02 3.400e+01 1.000e+00]
 [4.000e+00 1.080e+02 4.000e+00 0.000e+00 1.270e+02 0.000e+00 7.600e+01
  3.000e+00 1.000e+00 4.200e+01 1.173e+03 1.180e+02 3.000e+00 6.000e+00
  5.600e+01 2.800e+01 1.400e+01 3.600e+01 1.700e+01 1.000e+00]
 [0.000e+00 2.300e+01 5.000e+00 0.000e+00 5.900e+01 7.000e+00 8.000e+00
  4.000e+00 5.000e+00 1.500e+01 1.190e+02 4.800e+01 5.000e+00 1.500e+01
  9.000e+00 1.300e+01 4.000e+00 3.000e+00 2.800e+01 0.000e+00]
 [1.000e+00 0.000e+00 5.600e+01 0.000e+00 2.100e+01 3.000e+00 3.000e+00
  1.190e+02 0.000e+00 4.000e+00 2.000e+00 8.000e+00 1.730e+02 5.000e+00
  1.000e+00 3.400e+01 5.400e+01 4.000e+00 3.900e+01 0.000e+00]
 [1.000e+00 0.000e+00 1.500e+01 0.000e+00 2.300e+01 7.800e+01 3.000e+00
  3.000e+00 8.000e+01 1.200e+01 4.000e+00 1.400e+01 6.000e+00 1.760e+02
  2.000e+00 3.000e+00 2.000e+00 2.000e+00 7.400e+01 0.000e+00]
 [1.000e+00 1.600e+01 4.000e+00 1.000e+00 2.400e+01 1.000e+00 2.400e+01
  1.000e+00 0.000e+00 6.500e+01 6.500e+01 9.000e+00 0.000e+00 3.000e+00
  4.100e+01 4.000e+00 1.000e+00 3.800e+01 1.800e+01 0.000e+00]
 [8.000e+00 5.000e+00 2.400e+01 0.000e+00 8.200e+01 3.000e+00 8.000e+00
  7.000e+00 4.000e+00 7.000e+00 3.000e+01 1.700e+01 3.300e+01 4.000e+00
  5.000e+00 1.130e+02 2.700e+01 1.200e+01 2.600e+01 1.000e+00]
 [0.000e+00 2.000e+00 1.400e+01 0.000e+00 5.700e+01 0.000e+00 0.000e+00
  1.100e+02 0.000e+00 4.000e+00 1.400e+01 5.000e+00 5.300e+01 0.000e+00
  2.000e+00 2.000e+01 1.610e+02 1.000e+00 1.300e+01 0.000e+00]
 [0.000e+00 1.600e+01 5.000e+00 3.000e+00 2.200e+01 1.000e+00 7.700e+01
  2.000e+00 0.000e+00 1.160e+02 3.900e+01 1.000e+01 4.000e+00 4.000e+00
  4.800e+01 1.200e+01 3.000e+00 9.400e+01 2.400e+01 1.000e+00]
 [0.000e+00 9.000e+00 8.100e+01 0.000e+00 1.170e+02 6.500e+01 1.200e+01
  1.000e+01 3.300e+01 4.100e+01 1.800e+01 3.000e+01 4.300e+01 5.500e+01
  2.100e+01 2.500e+01 8.000e+00 2.900e+01 2.890e+02 0.000e+00]
 [0.000e+00 0.000e+00 1.000e+00 3.300e+01 0.000e+00 0.000e+00 3.000e+00
  0.000e+00 0.000e+00 1.000e+00 1.000e+00 0.000e+00 0.000e+00 0.000e+00
  0.000e+00 2.000e+00 0.000e+00 0.000e+00 0.000e+00 2.100e+01]]
Diag
[1987.   35.   95. 1438.  623. 1845.  283.  472.  391.  381. 1173.   48.
  173.  176.   41.  113.  161.   94.  289.   21.]
Row sums
[2020.  273.  378. 1478. 1279. 2055.  592.  751.  570.  791. 1817.  370.
  527.  498.  316.  416.  456.  481.  886.   62.]
Saved /home/julian/Documents/Master/Katrin/DA1_longer/_mixed_3_ellbow_kMeans.png
K-Means Convergence
[0.00000000e+00 0.00000000e+00 4.74420715e+02 1.62661453e+02
 9.03094025e+01 5.17717743e+01 2.84581680e+01 1.78565178e+01
 1.26467133e+01 8.79456711e+00 6.29522896e+00 5.11079311e+00
 4.16905355e+00 3.53450251e+00 3.03048897e+00 2.54260540e+00
 2.15301895e+00 1.72272217e+00 1.50253129e+00 1.29512751e+00
 1.17054403e+00 1.06162107e+00 9.79554057e-01 8.89392972e-01
 8.13866794e-01 7.51650572e-01 7.26569891e-01 6.51327193e-01
 6.05495214e-01 5.61594069e-01 5.40803075e-01 4.99893010e-01
 4.70546603e-01 4.44072545e-01 4.20874596e-01 3.81290078e-01
 3.70828927e-01 3.47820044e-01 3.33119780e-01 3.03461790e-01]
Saved /home/julian/Documents/Master/Katrin/DA1_longer/_mixed_3_scores_kmeans.png
mixed distinct 1717
MSM
[[1.53439153e-01 0.00000000e+00 2.64586845e-03 0.00000000e+00
  8.47062501e-02 8.05674482e-02 1.32349775e-03 0.00000000e+00
  1.23021180e-01 6.61885594e-03 3.97677983e-03 2.64889745e-03
  1.32244335e-01 3.97043870e-03 3.45287691e-01 1.05902824e-02
  4.23445676e-02 0.00000000e+00 3.96772797e-03 2.64702603e-03]
 [0.00000000e+00 9.07088121e-01 0.00000000e+00 4.79365986e-04
  1.07751550e-02 1.19474360e-03 7.42267465e-03 0.00000000e+00
  2.15384687e-03 1.91592495e-02 2.39820480e-04 1.19806638e-02
  9.57000941e-04 1.89155882e-02 0.00000000e+00 4.78986348e-04
  2.87279372e-03 3.11274654e-03 2.39274247e-04 1.29299695e-02]
 [4.99930867e-04 0.00000000e+00 9.85000010e-01 2.50359027e-04
  1.50068147e-03 4.99184891e-04 0.00000000e+00 3.99893325e-03
  7.49928657e-04 2.50158189e-04 0.00000000e+00 0.00000000e+00
  9.99628912e-04 0.00000000e+00 2.50001348e-04 2.50160856e-03
  1.00025215e-03 0.00000000e+00 2.49932296e-03 0.00000000e+00]
 [0.00000000e+00 1.43546526e-03 7.17359124e-04 6.00574712e-01
  1.00475969e-02 7.16187989e-04 0.00000000e+00 1.43433506e-03
  1.43458156e-03 1.36384599e-02 1.86888849e-01 1.55127237e-01
  3.58546266e-03 7.17655300e-04 5.73890393e-03 1.22029629e-02
  7.17540256e-04 7.17667950e-04 1.43432913e-03 2.87069386e-03]
 [1.96443718e-02 1.38215456e-02 1.84191467e-03 4.30397576e-03
  5.28255527e-01 7.96861245e-03 1.13633150e-02 0.00000000e+00
  3.77556569e-02 4.08549546e-02 4.82936985e-02 1.72108958e-02
  2.42428725e-02 6.14224798e-03 6.60022977e-02 7.37240128e-02
  5.77278845e-02 1.47416547e-02 9.20707801e-04 2.51838535e-02]
 [4.96674870e-02 4.07378106e-03 1.62866703e-03 8.15501070e-04
  2.11822746e-02 4.60162601e-01 0.00000000e+00 4.88470014e-03
  6.92117747e-02 9.77817529e-03 6.52774282e-03 3.26105751e-03
  2.62932275e-01 2.44400610e-03 6.02610041e-02 1.54822757e-02
  9.77446206e-03 8.14683017e-04 1.54681533e-02 1.62937852e-03]
 [2.09965482e-03 6.51321650e-02 0.00000000e+00 0.00000000e+00
  7.77332903e-02 0.00000000e+00 3.10924369e-01 0.00000000e+00
  1.88977091e-02 2.10127461e-02 2.10416852e-03 4.20470140e-03
  4.19833140e-03 2.10081145e-02 6.29986987e-03 1.47090792e-02
  4.20095003e-02 2.98320478e-01 0.00000000e+00 1.11345822e-01]
 [0.00000000e+00 0.00000000e+00 7.68696791e-03 9.62250525e-04
  0.00000000e+00 2.87791491e-03 0.00000000e+00 7.60806918e-01
  2.40194901e-03 9.61478813e-04 0.00000000e+00 0.00000000e+00
  2.40128627e-03 0.00000000e+00 4.80438080e-04 0.00000000e+00
  0.00000000e+00 0.00000000e+00 2.21420796e-01 0.00000000e+00]
 [4.52315115e-02 4.38012424e-03 1.45928278e-03 9.74252168e-04
  5.98577727e-02 4.12789479e-02 4.37971325e-03 2.43148938e-03
  5.32101166e-01 1.21683837e-02 7.31108008e-03 6.81778274e-03
  1.52681589e-01 8.27267800e-03 6.81002296e-02 1.46022161e-02
  2.38409611e-02 3.89309346e-03 2.43147934e-03 7.78624666e-03]
 [7.13734985e-03 1.14272820e-01 1.42766751e-03 2.71646624e-02
  1.89966096e-01 1.71040634e-02 1.42827612e-02 2.85457302e-03
  3.56882900e-02 1.88571428e-01 6.86658857e-02 1.38642407e-01
  3.85327089e-02 2.28521036e-02 1.14214016e-02 7.00007468e-02
  1.85643601e-02 7.14140815e-03 0.00000000e+00 2.57092667e-02]
 [2.19147470e-03 7.30973404e-04 0.00000000e+00 1.90227468e-01
  1.14755283e-01 5.83519495e-03 7.30904670e-04 0.00000000e+00
  1.09578472e-02 3.50906880e-02 3.60175695e-01 1.36777593e-01
  5.84256900e-03 1.46178921e-03 2.63014824e-02 8.84587211e-02
  1.46155474e-02 2.19272249e-03 7.30394530e-04 2.92365246e-03]
 [1.60565395e-03 4.01678035e-02 0.00000000e+00 1.73683991e-01
  4.49849864e-02 3.20651065e-03 1.60656119e-03 0.00000000e+00
  1.12400632e-02 7.79343365e-02 1.50451614e-01 4.14790996e-01
  5.61847875e-03 4.81961726e-03 3.21176983e-03 4.33865886e-02
  1.12439714e-02 1.60656740e-03 3.21088170e-03 7.22960883e-03]
 [6.04735684e-02 2.42053450e-03 2.41927714e-03 3.02843771e-03
  4.78024224e-02 1.95038271e-01 1.21015372e-03 3.02329020e-03
  1.89895195e-01 1.63404496e-02 4.84827734e-03 4.23858066e-03
  2.82950423e-01 2.42027418e-03 1.22174153e-01 2.78395813e-02
  2.23839538e-02 1.21015838e-03 4.83724435e-03 5.44575450e-03]
 [1.18982077e-02 3.13525807e-01 0.00000000e+00 3.97231674e-03
  7.93684147e-02 1.18804464e-02 3.96830852e-02 0.00000000e+00
  6.74260872e-02 6.35060612e-02 7.94919021e-03 2.38269687e-02
  1.58605813e-02 1.50793650e-01 1.18999179e-02 7.93834234e-03
  5.15790402e-02 6.74615052e-02 0.00000000e+00 7.14303774e-02]
 [8.31620474e-02 0.00000000e+00 3.18672599e-04 2.55304197e-03
  6.85457355e-02 2.35433285e-02 9.56425089e-04 3.18587609e-04
  4.46099195e-02 2.55099391e-03 1.14952756e-02 1.27614988e-03
  6.43479766e-02 9.56411943e-04 6.37985977e-01 9.56632915e-03
  4.55816716e-02 3.18809593e-04 3.18586293e-04 1.59406020e-03]
 [8.37918917e-03 2.09617715e-03 1.04754359e-02 1.78338319e-02
  2.51524752e-01 1.98708604e-02 7.33593111e-03 0.00000000e+00
  3.14233161e-02 5.13621353e-02 1.27007743e-01 5.66321631e-02
  4.81691115e-02 2.09595149e-03 3.14264770e-02 2.97693920e-01
  1.78127340e-02 7.33595943e-03 5.23629852e-03 6.28801351e-03]
 [4.39388829e-02 1.64879304e-02 5.49312012e-03 1.37525269e-03
  2.58293966e-01 1.64524885e-02 2.74773047e-02 0.00000000e+00
  6.72843183e-02 1.78639394e-02 2.75208271e-02 1.92479390e-02
  5.07925004e-02 1.78600025e-02 1.96380102e-01 2.33607853e-02
  1.62087912e-01 2.47296696e-02 4.11872405e-03 1.92343351e-02]
 [0.00000000e+00 1.14045354e-02 0.00000000e+00 8.78075622e-04
  4.21062912e-02 8.75385865e-04 1.24560923e-01 0.00000000e+00
  7.01385949e-03 4.38685463e-03 2.63573778e-03 1.75564048e-03
  1.75298072e-03 1.49120181e-02 8.76820609e-04 6.14166200e-03
  1.57866671e-02 7.29824560e-01 0.00000000e+00 3.50879886e-02]
 [2.91867477e-03 9.73531854e-04 9.73026098e-03 1.94884616e-03
  2.92040409e-03 1.84573652e-02 0.00000000e+00 4.48445433e-01
  4.86466778e-03 0.00000000e+00 9.74981588e-04 3.89655950e-03
  7.78132086e-03 0.00000000e+00 9.73031334e-04 4.86825994e-03
  2.91981410e-03 0.00000000e+00 4.88326849e-01 0.00000000e+00]
 [4.94764435e-03 1.33674374e-01 0.00000000e+00 9.91087656e-03
  2.02973695e-01 4.94025846e-03 1.31186605e-01 0.00000000e+00
  3.95828634e-02 4.45631515e-02 9.91656119e-03 2.22929866e-02
  2.22592129e-02 4.45533287e-02 1.23708888e-02 1.48545423e-02
  3.46470396e-02 9.90091407e-02 0.00000000e+00 1.68316831e-01]]
Diag
[0.15343915 0.90708812 0.98500001 0.60057471 0.52825553 0.4601626
 0.31092437 0.76080692 0.53210117 0.18857143 0.36017569 0.414791
 0.28295042 0.15079365 0.63798598 0.29769392 0.16208791 0.72982456
 0.48832685 0.16831683]
Counts
[[5.800e+01 0.000e+00 1.000e+00 0.000e+00 3.000e+01 3.400e+01 1.000e+00
  0.000e+00 4.400e+01 3.000e+00 1.000e+00 1.000e+00 5.100e+01 2.000e+00
  1.330e+02 5.000e+00 1.100e+01 0.000e+00 2.000e+00 1.000e+00]
 [0.000e+00 1.894e+03 0.000e+00 1.000e+00 1.900e+01 3.000e+00 2.000e+01
  0.000e+00 7.000e+00 4.100e+01 0.000e+00 2.400e+01 2.000e+00 3.900e+01
  0.000e+00 1.000e+00 7.000e+00 5.000e+00 0.000e+00 2.500e+01]
 [1.000e+00 0.000e+00 1.970e+03 0.000e+00 4.000e+00 1.000e+00 0.000e+00
  8.000e+00 2.000e+00 1.000e+00 0.000e+00 0.000e+00 1.000e+00 0.000e+00
  0.000e+00 5.000e+00 2.000e+00 0.000e+00 5.000e+00 0.000e+00]
 [0.000e+00 1.000e+00 1.000e+00 4.180e+02 7.000e+00 1.000e+00 0.000e+00
  1.000e+00 1.000e+00 1.000e+01 1.270e+02 1.070e+02 1.000e+00 0.000e+00
  2.000e+00 1.300e+01 1.000e+00 1.000e+00 0.000e+00 4.000e+00]
 [3.400e+01 2.600e+01 2.000e+00 7.000e+00 8.600e+02 1.300e+01 1.600e+01
  0.000e+00 6.300e+01 6.600e+01 7.200e+01 2.600e+01 4.200e+01 1.100e+01
  9.900e+01 1.270e+02 9.700e+01 2.700e+01 1.000e+00 3.900e+01]
 [2.700e+01 2.000e+00 1.000e+00 0.000e+00 1.300e+01 2.830e+02 0.000e+00
  1.000e+00 4.200e+01 5.000e+00 1.000e+00 3.000e+00 1.730e+02 1.000e+00
  3.600e+01 1.000e+01 5.000e+00 1.000e+00 1.100e+01 0.000e+00]
 [0.000e+00 1.100e+01 0.000e+00 0.000e+00 2.100e+01 0.000e+00 7.400e+01
  0.000e+00 7.000e+00 5.000e+00 1.000e+00 1.000e+00 1.000e+00 6.000e+00
  1.000e+00 2.000e+00 1.200e+01 7.100e+01 0.000e+00 2.500e+01]
 [0.000e+00 0.000e+00 8.000e+00 1.000e+00 0.000e+00 5.000e+00 0.000e+00
  7.920e+02 2.000e+00 2.000e+00 0.000e+00 0.000e+00 2.000e+00 0.000e+00
  0.000e+00 0.000e+00 0.000e+00 0.000e+00 2.290e+02 0.000e+00]
 [4.900e+01 2.000e+00 1.000e+00 1.000e+00 6.000e+01 4.300e+01 2.000e+00
  3.000e+00 5.470e+02 1.100e+01 8.000e+00 9.000e+00 1.520e+02 1.000e+01
  7.400e+01 1.400e+01 2.500e+01 4.000e+00 2.000e+00 1.100e+01]
 [2.000e+00 3.900e+01 0.000e+00 9.000e+00 6.700e+01 7.000e+00 5.000e+00
  0.000e+00 1.400e+01 6.600e+01 2.400e+01 5.300e+01 1.000e+01 8.000e+00
  5.000e+00 2.300e+01 7.000e+00 3.000e+00 0.000e+00 8.000e+00]
 [2.000e+00 1.000e+00 0.000e+00 1.330e+02 8.500e+01 7.000e+00 0.000e+00
  0.000e+00 7.000e+00 2.400e+01 2.460e+02 8.800e+01 4.000e+00 0.000e+00
  1.800e+01 5.600e+01 9.000e+00 0.000e+00 1.000e+00 2.000e+00]
 [1.000e+00 2.600e+01 0.000e+00 1.090e+02 3.000e+01 1.000e+00 1.000e+00
  0.000e+00 5.000e+00 4.400e+01 9.900e+01 2.580e+02 3.000e+00 2.000e+00
  1.000e+00 2.700e+01 7.000e+00 2.000e+00 2.000e+00 4.000e+00]
 [4.900e+01 2.000e+00 3.000e+00 4.000e+00 3.700e+01 1.500e+02 1.000e+00
  3.000e+00 1.620e+02 1.700e+01 4.000e+00 4.000e+00 2.340e+02 2.000e+00
  1.050e+02 2.100e+01 2.000e+01 1.000e+00 5.000e+00 3.000e+00]
 [1.000e+00 4.000e+01 0.000e+00 1.000e+00 9.000e+00 2.000e+00 4.000e+00
  0.000e+00 7.000e+00 8.000e+00 2.000e+00 4.000e+00 2.000e+00 1.900e+01
  1.000e+00 1.000e+00 5.000e+00 9.000e+00 0.000e+00 1.100e+01]
 [1.280e+02 0.000e+00 1.000e+00 6.000e+00 1.160e+02 3.800e+01 2.000e+00
  1.000e+00 6.600e+01 3.000e+00 1.800e+01 3.000e+00 9.700e+01 2.000e+00
  1.001e+03 1.300e+01 7.200e+01 0.000e+00 0.000e+00 2.000e+00]
 [3.000e+00 1.000e+00 5.000e+00 4.000e+00 1.130e+02 9.000e+00 5.000e+00
  0.000e+00 1.600e+01 2.600e+01 6.500e+01 2.700e+01 2.500e+01 1.000e+00
  1.700e+01 1.420e+02 7.000e+00 5.000e+00 3.000e+00 3.000e+00]
 [2.100e+01 5.000e+00 2.000e+00 0.000e+00 9.100e+01 7.000e+00 8.000e+00
  0.000e+00 2.400e+01 6.000e+00 1.100e+01 7.000e+00 1.700e+01 8.000e+00
  7.100e+01 1.000e+01 5.900e+01 9.000e+00 2.000e+00 6.000e+00]
 [0.000e+00 8.000e+00 0.000e+00 0.000e+00 2.100e+01 0.000e+00 7.100e+01
  0.000e+00 4.000e+00 2.000e+00 3.000e+00 0.000e+00 1.000e+00 8.000e+00
  1.000e+00 2.000e+00 9.000e+00 4.160e+02 0.000e+00 2.400e+01]
 [1.000e+00 1.000e+00 5.000e+00 2.000e+00 2.000e+00 8.000e+00 0.000e+00
  2.320e+02 3.000e+00 0.000e+00 0.000e+00 2.000e+00 3.000e+00 0.000e+00
  1.000e+00 2.000e+00 1.000e+00 0.000e+00 2.510e+02 0.000e+00]
 [1.000e+00 2.900e+01 0.000e+00 0.000e+00 4.300e+01 2.000e+00 2.800e+01
  0.000e+00 5.000e+00 1.000e+01 2.000e+00 5.000e+00 6.000e+00 7.000e+00
  3.000e+00 3.000e+00 8.000e+00 1.600e+01 0.000e+00 3.400e+01]]
Diag
[  58. 1894. 1970.  418.  860.  283.   74.  792.  547.   66.  246.  258.
  234.   19. 1001.  142.   59.  416.  251.   34.]
Row sums
[ 378. 2088. 2000.  696. 1628.  615.  238. 1041. 1028.  350.  683.  622.
  827.  126. 1569.  477.  364.  570.  514.  202.]
Saved /home/julian/Documents/Master/Katrin/DA1_longer/_mixed_4_ellbow_kMeans.png
K-Means Convergence
[0.00000000e+00 0.00000000e+00 3.57697815e+02 1.60374176e+02
 5.35321960e+01 2.64968338e+01 1.93741264e+01 1.34335442e+01
 9.57553291e+00 6.15524435e+00 4.99404335e+00 3.89451933e+00
 2.95935988e+00 2.43699765e+00 2.07291341e+00 1.91632080e+00
 1.64980900e+00 1.49593949e+00 1.30892611e+00 1.24652791e+00
 1.11012328e+00 9.47521269e-01 8.88425946e-01 8.12615335e-01
 7.72315085e-01 7.07717597e-01 6.14439726e-01 5.93210220e-01
 5.63648462e-01 5.11809647e-01 4.51806664e-01 4.38558429e-01
 4.04406726e-01 3.81757021e-01 3.49543214e-01 3.30838978e-01
 3.02617192e-01 2.85458982e-01 2.70208120e-01 2.55610973e-01]
Saved /home/julian/Documents/Master/Katrin/DA1_longer/_mixed_4_scores_kmeans.png
mixed distinct 1707
MSM
[[6.55074117e-01 0.00000000e+00 2.85187351e-04 5.70355844e-04
  5.47658294e-02 5.32608265e-02 1.14145671e-03 5.70359908e-04
  0.00000000e+00 3.30720597e-02 7.58087806e-02 2.56652434e-03
  1.14074585e-03 9.99775982e-03 5.70373334e-03 1.14070220e-03
  6.89728539e-02 2.56662638e-03 0.00000000e+00 3.33620813e-02]
 [0.00000000e+00 9.28776969e-01 3.59679737e-04 0.00000000e+00
  0.00000000e+00 0.00000000e+00 0.00000000e+00 0.00000000e+00
  1.44036893e-03 0.00000000e+00 0.00000000e+00 0.00000000e+00
  0.00000000e+00 0.00000000e+00 0.00000000e+00 0.00000000e+00
  0.00000000e+00 0.00000000e+00 6.94229821e-02 0.00000000e+00]
 [2.06692054e-04 2.06801142e-04 8.42431763e-01 0.00000000e+00
  1.44773797e-03 1.65211200e-03 9.93171522e-03 0.00000000e+00
  0.00000000e+00 2.48066371e-03 8.26572947e-04 0.00000000e+00
  0.00000000e+00 8.28473085e-04 3.80478823e-02 0.00000000e+00
  1.23993070e-03 9.20160528e-02 0.00000000e+00 8.68360354e-03]
 [1.46568307e-03 0.00000000e+00 0.00000000e+00 5.19061585e-01
  7.33294131e-04 0.00000000e+00 0.00000000e+00 1.97215483e-01
  0.00000000e+00 0.00000000e+00 0.00000000e+00 3.51895604e-02
  5.57201443e-02 0.00000000e+00 0.00000000e+00 1.90614250e-01
  0.00000000e+00 0.00000000e+00 0.00000000e+00 0.00000000e+00]
 [9.43370062e-02 0.00000000e+00 3.44087473e-03 4.91537271e-04
  4.63126844e-01 2.20911856e-02 4.27916897e-02 0.00000000e+00
  9.84234633e-04 2.75189441e-02 2.06313453e-02 2.45761262e-03
  1.47465600e-03 1.17672114e-01 4.42397118e-02 4.91533181e-04
  1.71937763e-02 1.17970098e-02 4.91587474e-04 1.28768338e-01]
 [7.87052232e-02 0.00000000e+00 3.36853927e-03 0.00000000e+00
  1.89514418e-02 5.04625736e-01 8.00523696e-03 0.00000000e+00
  0.00000000e+00 3.45174405e-02 2.03659586e-01 4.21040886e-04
  0.00000000e+00 3.37400253e-03 2.35797184e-02 0.00000000e+00
  8.07952182e-02 2.52634566e-03 4.21096441e-03 3.32595056e-02]
 [2.89548541e-03 0.00000000e+00 3.47610328e-02 0.00000000e+00
  6.30157270e-02 1.37417004e-02 4.37681160e-01 0.00000000e+00
  5.14763598e-02 1.59274766e-02 1.15792045e-02 0.00000000e+00
  2.89674369e-03 1.96573906e-01 1.03558662e-01 0.00000000e+00
  2.17122573e-03 1.52075973e-02 7.24238211e-04 4.77894815e-02]
 [2.40285751e-03 0.00000000e+00 0.00000000e+00 3.23315004e-01
  0.00000000e+00 0.00000000e+00 0.00000000e+00 3.77403847e-01
  0.00000000e+00 0.00000000e+00 0.00000000e+00 1.44225415e-02
  2.13947192e-01 0.00000000e+00 0.00000000e+00 6.85085573e-02
  0.00000000e+00 0.00000000e+00 0.00000000e+00 0.00000000e+00]
 [0.00000000e+00 9.84180872e-03 0.00000000e+00 0.00000000e+00
  4.92134670e-03 0.00000000e+00 1.74784787e-01 0.00000000e+00
  4.13793103e-01 0.00000000e+00 0.00000000e+00 0.00000000e+00
  4.92044406e-03 3.44992146e-01 1.72215666e-02 0.00000000e+00
  0.00000000e+00 0.00000000e+00 2.95247971e-02 0.00000000e+00]
 [1.65218254e-01 0.00000000e+00 1.70990175e-02 0.00000000e+00
  7.98097832e-02 1.16691633e-01 3.13676386e-02 0.00000000e+00
  0.00000000e+00 1.16809117e-01 1.05372966e-01 2.84965656e-03
  1.42491368e-03 3.56807864e-02 8.83447120e-02 1.42485916e-03
  4.84173884e-02 1.42488493e-02 4.27504941e-03 1.70965375e-01]
 [1.53261980e-01 0.00000000e+00 2.30569887e-03 0.00000000e+00
  2.42141957e-02 2.78627595e-01 9.22851259e-03 0.00000000e+00
  0.00000000e+00 4.26429597e-02 2.68433180e-01 1.15277677e-03
  0.00000000e+00 6.92832211e-03 3.45854001e-02 0.00000000e+00
  1.01388313e-01 8.06975813e-03 1.72939346e-03 6.74319141e-02]
 [2.74287580e-02 0.00000000e+00 0.00000000e+00 1.46345853e-01
  1.52476096e-02 3.04501456e-03 0.00000000e+00 3.65867241e-02
  0.00000000e+00 6.09616189e-03 6.09384004e-03 3.78048782e-01
  4.57344491e-02 0.00000000e+00 0.00000000e+00 3.32324277e-01
  0.00000000e+00 0.00000000e+00 0.00000000e+00 3.04853047e-03]
 [5.24706508e-03 0.00000000e+00 0.00000000e+00 9.97345453e-02
  3.93772929e-03 0.00000000e+00 5.25261643e-03 2.33590469e-01
  2.62768992e-03 1.31195617e-03 0.00000000e+00 1.96838593e-02
  5.87926511e-01 3.94341371e-03 0.00000000e+00 3.54317147e-02
  0.00000000e+00 0.00000000e+00 1.31243066e-03 0.00000000e+00]
 [1.54548047e-02 0.00000000e+00 1.76703724e-03 0.00000000e+00
  1.05599523e-01 3.52947876e-03 1.19791155e-01 0.00000000e+00
  6.19173401e-02 1.10407469e-02 5.29753665e-03 0.00000000e+00
  1.32527379e-03 6.39823009e-01 1.89956047e-02 0.00000000e+00
  2.20743404e-03 8.83498001e-04 4.41789858e-04 1.19257681e-02]
 [1.51449269e-02 0.00000000e+00 1.39394274e-01 0.00000000e+00
  6.81942624e-02 4.23692649e-02 1.08400793e-01 0.00000000e+00
  5.30912420e-03 4.69560699e-02 4.54240496e-02 0.00000000e+00
  0.00000000e+00 3.26287374e-02 2.37878788e-01 0.00000000e+00
  1.43851093e-02 7.95437920e-02 1.51525975e-03 1.62855548e-01]
 [5.44743419e-03 0.00000000e+00 0.00000000e+00 3.54226381e-01
  1.36269961e-03 0.00000000e+00 0.00000000e+00 7.76578756e-02
  0.00000000e+00 1.36205569e-03 0.00000000e+00 1.48498144e-01
  3.67861492e-02 0.00000000e+00 0.00000000e+00 3.73297004e-01
  0.00000000e+00 0.00000000e+00 0.00000000e+00 1.36225657e-03]
 [2.50044658e-01 0.00000000e+00 6.20216441e-03 0.00000000e+00
  3.61858048e-02 1.98211747e-01 3.10300464e-03 0.00000000e+00
  0.00000000e+00 3.51353237e-02 1.81807736e-01 0.00000000e+00
  0.00000000e+00 5.17685855e-03 1.96401402e-02 0.00000000e+00
  2.04545455e-01 7.23568998e-03 3.10129616e-03 4.96101213e-02]
 [7.19701975e-03 0.00000000e+00 3.56008295e-01 0.00000000e+00
  1.92039056e-02 4.79388002e-03 1.68108126e-02 0.00000000e+00
  0.00000000e+00 7.99784622e-03 1.11927199e-02 0.00000000e+00
  0.00000000e+00 1.60263562e-03 8.40017558e-02 0.00000000e+00
  5.59668169e-03 4.40000000e-01 0.00000000e+00 4.55944469e-02]
 [0.00000000e+00 6.14662758e-01 0.00000000e+00 0.00000000e+00
  3.18506710e-03 3.18035878e-02 3.18646899e-03 0.00000000e+00
  3.82577461e-02 9.55068564e-03 9.54704757e-03 0.00000000e+00
  3.18448355e-03 3.18966533e-03 6.36897169e-03 0.00000000e+00
  9.54759647e-03 0.00000000e+00 2.67515921e-01 0.00000000e+00]
 [5.46569247e-02 0.00000000e+00 1.96290156e-02 0.00000000e+00
  1.22469720e-01 3.68733158e-02 3.08647269e-02 0.00000000e+00
  0.00000000e+00 5.60664985e-02 5.46440174e-02 4.67328041e-04
  0.00000000e+00 1.26391421e-02 1.00481625e-01 4.67338170e-04
  2.24193471e-02 2.66387577e-02 0.00000000e+00 4.61682243e-01]]
Diag
[0.65507412 0.92877697 0.84243176 0.51906159 0.46312684 0.50462574
 0.43768116 0.37740385 0.4137931  0.11680912 0.26843318 0.37804878
 0.58792651 0.63982301 0.23787879 0.373297   0.20454545 0.44
 0.26751592 0.46168224]
Counts
[[1.149e+03 0.000e+00 1.000e+00 0.000e+00 1.000e+02 9.100e+01 3.000e+00
  1.000e+00 0.000e+00 5.800e+01 1.260e+02 5.000e+00 2.000e+00 1.800e+01
  9.000e+00 4.000e+00 1.210e+02 4.000e+00 0.000e+00 6.200e+01]
 [0.000e+00 1.291e+03 1.000e+00 0.000e+00 0.000e+00 0.000e+00 0.000e+00
  0.000e+00 1.000e+00 0.000e+00 0.000e+00 0.000e+00 0.000e+00 0.000e+00
  0.000e+00 0.000e+00 0.000e+00 0.000e+00 9.700e+01 0.000e+00]
 [0.000e+00 0.000e+00 2.037e+03 0.000e+00 3.000e+00 6.000e+00 2.500e+01
  0.000e+00 0.000e+00 7.000e+00 2.000e+00 0.000e+00 0.000e+00 2.000e+00
  8.300e+01 0.000e+00 5.000e+00 2.300e+02 0.000e+00 1.800e+01]
 [2.000e+00 0.000e+00 0.000e+00 3.540e+02 1.000e+00 0.000e+00 0.000e+00
  1.360e+02 0.000e+00 0.000e+00 0.000e+00 2.300e+01 3.800e+01 0.000e+00
  0.000e+00 1.280e+02 0.000e+00 0.000e+00 0.000e+00 0.000e+00]
 [9.200e+01 0.000e+00 4.000e+00 0.000e+00 4.710e+02 2.800e+01 3.900e+01
  0.000e+00 1.000e+00 2.900e+01 2.300e+01 2.000e+00 2.000e+00 1.210e+02
  4.600e+01 1.000e+00 1.900e+01 1.200e+01 0.000e+00 1.270e+02]
 [9.600e+01 0.000e+00 2.000e+00 0.000e+00 1.700e+01 6.000e+02 9.000e+00
  0.000e+00 0.000e+00 4.700e+01 2.430e+02 1.000e+00 0.000e+00 5.000e+00
  3.000e+01 0.000e+00 9.500e+01 3.000e+00 5.000e+00 3.600e+01]
 [1.000e+00 0.000e+00 2.300e+01 0.000e+00 4.800e+01 1.000e+01 3.020e+02
  0.000e+00 3.500e+01 1.200e+01 6.000e+00 0.000e+00 2.000e+00 1.370e+02
  6.200e+01 0.000e+00 1.000e+00 1.200e+01 1.000e+00 3.800e+01]
 [1.000e+00 0.000e+00 0.000e+00 1.330e+02 0.000e+00 0.000e+00 0.000e+00
  1.570e+02 0.000e+00 0.000e+00 0.000e+00 7.000e+00 9.100e+01 0.000e+00
  0.000e+00 2.700e+01 0.000e+00 0.000e+00 0.000e+00 0.000e+00]
 [0.000e+00 3.000e+00 0.000e+00 0.000e+00 1.000e+00 0.000e+00 3.600e+01
  0.000e+00 8.400e+01 0.000e+00 0.000e+00 0.000e+00 2.000e+00 6.800e+01
  4.000e+00 0.000e+00 0.000e+00 0.000e+00 5.000e+00 0.000e+00]
 [5.800e+01 0.000e+00 5.000e+00 0.000e+00 2.700e+01 3.500e+01 1.000e+01
  0.000e+00 0.000e+00 4.100e+01 3.800e+01 1.000e+00 0.000e+00 1.300e+01
  3.200e+01 0.000e+00 1.900e+01 3.000e+00 2.000e+00 6.700e+01]
 [1.400e+02 0.000e+00 2.000e+00 0.000e+00 1.900e+01 2.410e+02 1.000e+01
  0.000e+00 0.000e+00 3.600e+01 2.330e+02 0.000e+00 0.000e+00 8.000e+00
  3.000e+01 0.000e+00 8.400e+01 8.000e+00 0.000e+00 5.700e+01]
 [4.000e+00 0.000e+00 0.000e+00 2.500e+01 3.000e+00 0.000e+00 0.000e+00
  5.000e+00 0.000e+00 1.000e+00 2.000e+00 6.200e+01 6.000e+00 0.000e+00
  0.000e+00 5.500e+01 0.000e+00 0.000e+00 0.000e+00 1.000e+00]
 [2.000e+00 0.000e+00 0.000e+00 3.800e+01 1.000e+00 0.000e+00 2.000e+00
  8.700e+01 0.000e+00 1.000e+00 0.000e+00 9.000e+00 2.240e+02 3.000e+00
  0.000e+00 1.400e+01 0.000e+00 0.000e+00 0.000e+00 0.000e+00]
 [1.700e+01 0.000e+00 2.000e+00 0.000e+00 1.180e+02 3.000e+00 1.340e+02
  0.000e+00 7.200e+01 1.200e+01 4.000e+00 0.000e+00 0.000e+00 7.230e+02
  2.400e+01 0.000e+00 5.000e+00 1.000e+00 1.000e+00 1.400e+01]
 [1.100e+01 0.000e+00 1.010e+02 0.000e+00 4.400e+01 2.600e+01 8.100e+01
  0.000e+00 3.000e+00 3.000e+01 3.000e+01 0.000e+00 0.000e+00 1.900e+01
  1.570e+02 0.000e+00 7.000e+00 4.400e+01 2.000e+00 1.050e+02]
 [0.000e+00 0.000e+00 0.000e+00 1.320e+02 0.000e+00 0.000e+00 0.000e+00
  3.000e+01 0.000e+00 1.000e+00 0.000e+00 5.400e+01 1.300e+01 0.000e+00
  0.000e+00 1.370e+02 0.000e+00 0.000e+00 0.000e+00 0.000e+00]
 [1.210e+02 0.000e+00 1.000e+00 0.000e+00 1.600e+01 9.700e+01 2.000e+00
  0.000e+00 0.000e+00 1.500e+01 9.200e+01 0.000e+00 0.000e+00 0.000e+00
  1.200e+01 0.000e+00 9.900e+01 4.000e+00 2.000e+00 2.300e+01]
 [5.000e+00 0.000e+00 2.150e+02 0.000e+00 1.200e+01 3.000e+00 9.000e+00
  0.000e+00 0.000e+00 7.000e+00 6.000e+00 0.000e+00 0.000e+00 1.000e+00
  6.100e+01 0.000e+00 3.000e+00 2.750e+02 0.000e+00 2.800e+01]
 [0.000e+00 9.600e+01 0.000e+00 0.000e+00 1.000e+00 5.000e+00 0.000e+00
  0.000e+00 7.000e+00 1.000e+00 3.000e+00 0.000e+00 1.000e+00 0.000e+00
  0.000e+00 0.000e+00 1.000e+00 0.000e+00 4.200e+01 0.000e+00]
 [5.500e+01 0.000e+00 2.400e+01 0.000e+00 1.350e+02 4.300e+01 2.800e+01
  0.000e+00 0.000e+00 5.300e+01 6.000e+01 0.000e+00 0.000e+00 1.300e+01
  1.100e+02 1.000e+00 2.500e+01 2.900e+01 0.000e+00 4.940e+02]]
Diag
[1149. 1291. 2037.  354.  471.  600.  302.  157.   84.   41.  233.   62.
  224.  723.  157.  137.   99.  275.   42.  494.]
Row sums
[1754. 1390. 2418.  682. 1017. 1189.  690.  416.  203.  351.  868.  164.
  381. 1130.  660.  367.  484.  625.  157. 1070.]
No trajectory provided
Saved /home/julian/Documents/Master/Katrin/DA1_longer/_protein_0_ellbow_kMeans.png
K-Means Convergence
[  0.           0.         338.74102783 145.99525452  85.18148041
  33.81687164  24.57606888  16.13755035   8.69268036   4.86315346
   3.86652231   2.94950104   2.41130877   1.95045185   1.55528605]
Saved /home/julian/Documents/Master/Katrin/DA1_longer/_protein_0_scores_kmeans.png
num unique protein 715
MSM
[[6.53123106e-01 4.63898836e-02 4.54147448e-03 1.14582210e-01
  1.80150971e-01 1.21235541e-03]
 [4.85117832e-02 4.80659481e-01 5.47719505e-02 6.37129798e-02
  3.47272773e-01 5.07103270e-03]
 [1.86843497e-03 2.15484165e-02 9.08457712e-01 4.81918862e-02
  1.83149074e-02 1.61864258e-03]
 [5.32096638e-02 2.82928880e-02 5.43958958e-02 7.78497046e-01
  8.36345921e-02 1.96991467e-03]
 [8.10622578e-02 1.49426928e-01 2.00311418e-02 8.10391195e-02
  6.67485668e-01 9.54884540e-04]
 [1.28753277e-03 5.14992366e-03 4.17828622e-03 4.50507922e-03
  2.25370521e-03 9.82625473e-01]]
Diag
[0.65312311 0.48065948 0.90845771 0.77849705 0.66748567 0.98262547]
Counts
[[1.077e+03 7.700e+01 8.000e+00 1.840e+02 3.010e+02 2.000e+00]
 [7.600e+01 7.580e+02 8.800e+01 1.030e+02 5.420e+02 1.000e+01]
 [7.000e+00 8.500e+01 3.652e+03 1.940e+02 7.700e+01 5.000e+00]
 [1.940e+02 9.800e+01 1.930e+02 2.766e+03 2.950e+02 7.000e+00]
 [2.930e+02 5.530e+02 7.000e+01 2.990e+02 2.445e+03 3.000e+00]
 [2.000e+00 6.000e+00 8.000e+00 7.000e+00 4.000e+00 1.527e+03]]
Diag
[1077.  758. 3652. 2766. 2445. 1527.]
Row sums
[1649. 1577. 4020. 3553. 3663. 1554.]
Saved /home/julian/Documents/Master/Katrin/DA1_longer/_protein_1_ellbow_kMeans.png
K-Means Convergence
[  0.           0.         292.51940918 102.19971466  56.89768982
  34.65762711  21.0775795   11.95846176   9.62610722   7.47533798
   5.45310354   4.55005026   3.64465952   2.86522627   2.29616475]
Saved /home/julian/Documents/Master/Katrin/DA1_longer/_protein_1_scores_kmeans.png
num unique protein 715
MSM
[[7.22652619e-01 1.24478594e-01 1.08360387e-03 8.84836963e-02
  6.22166973e-02 1.08478970e-03]
 [6.50839408e-02 8.80311386e-01 3.23906428e-04 2.86146961e-02
  2.42068963e-02 1.45917476e-03]
 [1.74549592e-03 9.97903824e-04 9.81564527e-01 2.49388748e-04
  1.54426845e-02 0.00000000e+00]
 [2.84042898e-01 1.75683368e-01 4.96991825e-04 5.17412936e-01
  1.93785925e-02 2.98521461e-03]
 [9.73991859e-02 7.24783530e-02 1.50080021e-02 9.45039425e-03
  8.04937077e-01 7.26987452e-04]
 [2.26497321e-03 5.82700862e-03 0.00000000e+00 1.94165650e-03
  9.69607710e-04 9.88996754e-01]]
Diag
[0.72265262 0.88031139 0.98156453 0.51741294 0.80493708 0.98899675]
Counts
[[2.332e+03 4.030e+02 4.000e+00 2.820e+02 2.020e+02 4.000e+00]
 [4.000e+02 5.428e+03 2.000e+00 1.780e+02 1.490e+02 9.000e+00]
 [3.000e+00 2.000e+00 1.970e+03 0.000e+00 3.200e+01 0.000e+00]
 [2.890e+02 1.750e+02 1.000e+00 5.200e+02 1.700e+01 3.000e+00]
 [2.000e+02 1.500e+02 3.000e+01 2.200e+01 1.663e+03 1.000e+00]
 [3.000e+00 9.000e+00 0.000e+00 3.000e+00 2.000e+00 1.528e+03]]
Diag
[2332. 5428. 1970.  520. 1663. 1528.]
Row sums
[3227. 6166. 2007. 1005. 2066. 1545.]
Saved /home/julian/Documents/Master/Katrin/DA1_longer/_protein_2_ellbow_kMeans.png
K-Means Convergence
[  0.           0.         274.43414307 109.81941223  69.16706848
  39.46068573  22.61681557  12.77540588   8.94577122   6.14014435
   4.91752243   4.04616356   3.30137229   2.7427659    2.39503193]
Saved /home/julian/Documents/Master/Katrin/DA1_longer/_protein_2_scores_kmeans.png
num unique protein 715
MSM
[[7.25278121e-01 1.23201891e-01 9.26141533e-04 1.85456997e-03
  5.72562613e-02 9.14830153e-02]
 [6.47883343e-02 8.79147690e-01 1.62417533e-04 2.84581765e-03
  2.57386111e-02 2.73171300e-02]
 [1.49701198e-03 4.99230816e-04 9.83549362e-01 0.00000000e+00
  1.42048607e-02 2.49534869e-04]
 [3.83788326e-03 1.11989206e-02 0.00000000e+00 9.81445931e-01
  9.58339162e-04 2.55892635e-03]
 [9.22138720e-02 7.88277155e-02 1.41534507e-02 7.45837080e-04
  8.08341609e-01 5.71751602e-03]
 [2.82136284e-01 1.60204275e-01 4.76103964e-04 3.81353487e-03
  1.09484487e-02 5.42421353e-01]]
Diag
[0.72527812 0.87914769 0.98354936 0.98144593 0.80834161 0.54242135]
Counts
[[2.347e+03 4.020e+02 3.000e+00 6.000e+00 1.870e+02 2.910e+02]
 [3.950e+02 5.405e+03 2.000e+00 1.900e+01 1.550e+02 1.720e+02]
 [3.000e+00 0.000e+00 1.973e+03 0.000e+00 2.900e+01 1.000e+00]
 [6.000e+00 1.600e+01 0.000e+00 1.534e+03 3.000e+00 4.000e+00]
 [1.840e+02 1.620e+02 2.800e+01 0.000e+00 1.628e+03 1.200e+01]
 [3.010e+02 1.640e+02 0.000e+00 4.000e+00 1.100e+01 5.690e+02]]
Diag
[2347. 5405. 1973. 1534. 1628.  569.]
Row sums
[3236. 6148. 2006. 1563. 2014. 1049.]
Saved /home/julian/Documents/Master/Katrin/DA1_longer/_protein_3_ellbow_kMeans.png
K-Means Convergence
[  0.           0.         277.46246338 105.70253754  63.41020584
  34.49431992  21.5630188   13.76239014  10.34744644   7.35964489
   6.21415329   4.85112476   3.84471703   2.89818621   2.24456191]
Saved /home/julian/Documents/Master/Katrin/DA1_longer/_protein_3_scores_kmeans.png
num unique protein 715
MSM
[[9.80079684e-01 0.00000000e+00 1.74467258e-03 2.49285591e-04
  1.24675086e-03 1.66796069e-02]
 [0.00000000e+00 9.88379590e-01 5.16388126e-03 6.45606107e-04
  5.16618833e-03 6.44734372e-04]
 [9.13452838e-04 2.09016401e-03 7.82392895e-01 3.26602452e-02
  1.28061360e-01 5.38818828e-02]
 [6.87926356e-04 1.37735004e-03 1.72144052e-01 6.21212122e-01
  1.92198596e-01 1.23799548e-02]
 [4.27048286e-04 1.36804211e-03 8.37805533e-02 2.38562812e-02
  8.65206980e-01 2.53610954e-02]
 [1.62736034e-02 4.86307163e-04 1.00408039e-01 4.37695622e-03
  7.22384831e-02 8.06216611e-01]]
Diag
[0.98007968 0.98837959 0.7823929  0.62121212 0.86520698 0.80621661]
Counts
[[1.968e+03 0.000e+00 3.000e+00 1.000e+00 2.000e+00 3.400e+01]
 [0.000e+00 1.531e+03 6.000e+00 1.000e+00 9.000e+00 2.000e+00]
 [4.000e+00 1.000e+01 2.995e+03 1.310e+02 4.840e+02 2.040e+02]
 [0.000e+00 1.000e+00 1.190e+02 4.510e+02 1.460e+02 9.000e+00]
 [3.000e+00 7.000e+00 4.960e+02 1.330e+02 5.058e+03 1.490e+02]
 [3.300e+01 0.000e+00 2.090e+02 9.000e+00 1.480e+02 1.660e+03]]
Diag
[1968. 1531. 2995.  451. 5058. 1660.]
Row sums
[2008. 1549. 3828.  726. 5846. 2059.]
Saved /home/julian/Documents/Master/Katrin/DA1_longer/_protein_4_ellbow_kMeans.png
K-Means Convergence
[  0.           0.         278.19046021  94.28209686  52.06282425
  28.52750015  18.06724548  13.70475197   9.59163761   7.34735203
   5.38836002   4.12892818   3.19145989   2.4473877    1.98235381]
Saved /home/julian/Documents/Master/Katrin/DA1_longer/_protein_4_scores_kmeans.png
num unique protein 715
MSM
[[6.56716417e-01 7.45119775e-03 1.68805140e-01 1.62364148e-01
  9.31622934e-04 3.73147541e-03]
 [1.94568140e-03 8.18844099e-01 1.02125232e-01 2.06793142e-02
  1.57881383e-02 4.06175352e-02]
 [2.30097725e-02 5.33106625e-02 7.85714285e-01 1.09235187e-01
  1.01568449e-03 2.77144088e-02]
 [1.92929939e-02 9.41022450e-03 9.52237738e-02 7.46228925e-01
  1.10735064e-04 1.29733348e-01]
 [2.48215226e-04 1.61091837e-02 1.98527379e-03 2.48292680e-04
  9.80664363e-01 7.44672013e-04]
 [6.75195535e-04 2.81460145e-02 3.67898432e-02 1.97556404e-01
  5.05738205e-04 7.36326805e-01]]
Diag
[0.65671642 0.8188441  0.78571428 0.74622893 0.98066436 0.73632681]
Counts
[[3.520e+02 4.000e+00 8.700e+01 9.000e+01 0.000e+00 3.000e+00]
 [4.000e+00 1.686e+03 2.140e+02 4.500e+01 3.300e+01 7.700e+01]
 [9.400e+01 2.060e+02 3.091e+03 4.330e+02 4.000e+00 1.060e+02]
 [8.400e+01 4.000e+01 4.260e+02 3.364e+03 1.000e+00 5.930e+02]
 [1.000e+00 3.200e+01 4.000e+00 0.000e+00 1.978e+03 2.000e+00]
 [1.000e+00 9.000e+01 1.120e+02 5.770e+02 1.000e+00 2.181e+03]]
Diag
[ 352. 1686. 3091. 3364. 1978. 2181.]
Row sums
[ 536. 2059. 3934. 4508. 2017. 2962.]
No trajectory provided
